0
1203.124124
1892.614078
2466.916174
2977.238986
3444.717213
3880.663837
4292.02354
4683.443965
5058.227399
5418.826005
5767.123463
6104.606218
6432.473202
6751.709163
7063.135412
7367.445971
7665.233983
7957.011411
8243.224017
8524.262939
8800.473764
9072.16374
9339.607571
9603.052117
9862.72026
10118.81409
10371.51756
10620.99874
10867.4117
11110.89807
11351.58852
11589.60384
11825.056
12058.04909
12288.68
12517.03919
12743.21124
12967.27537
13189.30596
13409.37291
13627.54206
13843.87546
14058.43174
14271.26634
14482.43173
14691.97767
14899.95141
15106.3978
15311.35956
15514.87734
15716.98989
15917.73418
16117.14554
16315.25771
16512.103
16707.71231
16902.11529
17095.34033
17287.41471
17478.36461
17668.21519
17856.99065
18044.71428
18231.40849
18417.09489
18601.79429
18785.52678
18968.31174
19150.16789
19331.11331
19511.16547
19690.34126
19868.65705
20046.12866
20222.7714
20398.60013
20573.62924
20747.87267
20921.34396
21094.05625
21266.02227
21437.25441
21607.7647
21777.56481
21946.66611
22115.07964
22282.81616
22449.88612
22616.2997
22782.0668
22947.19709
23111.69996
23275.58459
23438.8599
23601.53461
23763.61722
23925.11601
24086.03907
24246.3943
24406.18942
24565.43194
24724.12922
24882.28846
25039.91666
25197.02069
25353.60727
25509.68295
25665.25416
25820.32717
25974.90813
26129.00305
26282.61781
26435.75819
26588.42982
26740.63824
26892.38885
27043.68696
27194.53778
27344.9464
27494.91782
27644.45693
27793.56854
27942.25735
28090.528
28238.38502
28385.83284
28532.87585
28679.51833
28825.76448
28971.61844
29117.08426
29262.16592
29406.86735
29551.19238
29695.14479
29838.72829
29981.94653
30124.8031
30267.30152
30409.44526
30551.23771
30692.68224
30833.78213
30974.54064
31114.96093
31255.04617
31394.79942
31534.22372
31673.32208
31812.09742
31950.55264
32088.6906
32226.5141
32364.02591
32501.22874
32638.12529
32774.71818
32911.01003
33047.00339
33182.70078
33318.10471
33453.21761
33588.0419
33722.57997
33856.83417
33990.8068
34124.50014
34257.91646
34391.05796
34523.92684
34656.52524
34788.8553
34920.91912
35052.71877
35184.25628
35315.53367
35446.55294
35577.31604
35707.8249
35838.08145
35968.08756
36097.84509
36227.35589
36356.62176
36485.6445
36614.42588
36742.96763
36871.27149
36999.33915
37127.17231
37254.77261
37382.14169
37509.28119
37636.19269
37762.87778
37889.33802
38015.57496
38141.59011
38267.38499
38392.96109
38518.31987
38643.46279
38768.39129
38893.10678
39017.61068
39141.90438
39265.98924
39389.86662
39513.53786
39637.0043
39760.26724
39883.32798
40006.1878
40128.84798
40251.30976
40373.57439
40495.64311
40617.51711
40739.1976
40860.68578
40981.98282
41103.08987
41224.0081
41344.73865
41465.28263
41585.64117
41705.81536
41825.80631
41945.61509
42065.24278
42184.69043
42303.95908
42423.04979
42541.96357
42660.70145
42779.26443
42897.65351
43015.86967
43133.9139
43251.78715
43369.4904
43487.02458
43604.39064
43721.58951
43838.62211
43955.48936
44072.19215
44188.73139
44305.10796
44421.32274
44537.3766
44653.27041
44769.00502
44884.58127
45000